product_url,product_img
https://www.fahasa.com/design-thiet-ke-lay-nguoi-dung-lam-trung-tam-tai-ban-2023.html?fhs_campaign=CATEGORY,https://cdn1.fahasa.com/media/catalog/product/7/5/755d745ab26ad57c573b7be463892223_1.jpg
https://www.fahasa.com/hat-giong-tam-hon-tap-16-tim-lai-binh-yen-tai-ban-2023.html?fhs_campaign=CATEGORY,https://cdn1.fahasa.com/media/catalog/product/8/9/8935086857434.jpg
https://www.fahasa.com/seriesbook-index-series-id-17369.html?fhs_campaign=CATEGORY,https://cdn1.fahasa.com/media/catalog/product/8/9/8935086857434.jpg
https://www.fahasa.com/seriesbook-index-series-id-6327.html?fhs_campaign=CATEGORY,https://cdn1.fahasa.com/media/catalog/product/8/9/8935086818862_thanh_ly.jpg
https://www.fahasa.com/52-thuc-don-nau-an-chay-trong-gia-dinh-459473.html?fhs_campaign=CATEGORY,https://cdn1.fahasa.com/media/catalog/product/9/7/9786044760247.jpg
https://www.fahasa.com/thuc-duon-an-chay-giam-beo.html?fhs_campaign=CATEGORY,https://cdn1.fahasa.com/media/catalog/product/9/7/9786044760254.jpg
https://www.fahasa.com/ban-com-nam-o-tiem-banh-mi-bi-quyet-sang-tao-cua-nguoi-nhat.html?fhs_campaign=CATEGORY,https://cdn1.fahasa.com/media/catalog/product/9/7/9786043462371.jpg
https://www.fahasa.com/chien-luoc-life-list-mua-chuan-ngoi-yen-chot-loi-dung-luc.html?fhs_campaign=CATEGORY,https://cdn1.fahasa.com/media/catalog/product/9/7/9786043462302.jpg
https://www.fahasa.com/chia-banh-su-that-ve-dam-phan.html?fhs_campaign=CATEGORY,https://cdn1.fahasa.com/media/catalog/product/9/7/9786043462296.jpg
https://www.fahasa.com/luat-xuat-canh-nhap-canh-cua-cong-dan-viet-nam-hien-hanh-sua-doi-bo-sung-nam-2023.html?fhs_campaign=CATEGORY,https://cdn1.fahasa.com/media/catalog/product/8/9/8935279150922.jpg
https://www.fahasa.com/luat-thue-thu-nhap-doanh-nghiep-hien-hanh-sua-doi-bo-sung-nam-2013-2014-2020-2022-2023.html?fhs_campaign=CATEGORY,https://cdn1.fahasa.com/media/catalog/product/8/9/8935279148127.jpg
https://www.fahasa.com/papillon-nguoi-tu-kho-sai-459454.html?fhs_campaign=CATEGORY,https://cdn1.fahasa.com/media/catalog/product/8/9/8935236433006.jpg
https://www.fahasa.com/nguon-goc-cua-muon-loai.html?fhs_campaign=CATEGORY,https://cdn1.fahasa.com/media/catalog/product/8/9/8935236433099.jpg
https://www.fahasa.com/em-hoc-gioi-tieng-anh-4-2-co-dap-an-global-success.html?fhs_campaign=CATEGORY,https://cdn1.fahasa.com/media/catalog/product/8/9/8935236432931.jpg
https://www.fahasa.com/to-mau-sang-tao-phat-trien-tri-nao-cap-do-6.html?fhs_campaign=CATEGORY,https://cdn1.fahasa.com/media/wysiwyg/HONG_KD/Frame_ncc_2025/FrameNCC__inhTi.png
https://www.fahasa.com/seriesbook-index-series-id-999719.html?fhs_campaign=CATEGORY,https://cdn1.fahasa.com/media/catalog/product/9/7/9784088844404.jpg
https://www.fahasa.com/to-mau-sang-tao-phat-trien-tri-nao-cap-do-5.html?fhs_campaign=CATEGORY,https://cdn1.fahasa.com/media/wysiwyg/HONG_KD/Frame_ncc_2025/FrameNCC__inhTi.png
https://www.fahasa.com/to-mau-sang-tao-phat-trien-tri-nao-cap-do-3.html?fhs_campaign=CATEGORY,https://cdn1.fahasa.com/media/wysiwyg/HONG_KD/Frame_ncc_2025/FrameNCC__inhTi.png
https://www.fahasa.com/to-mau-sang-tao-phat-trien-tri-nao-cap-do-4.html?fhs_campaign=CATEGORY,https://cdn1.fahasa.com/media/wysiwyg/HONG_KD/Frame_ncc_2025/FrameNCC__inhTi.png
https://www.fahasa.com/to-mau-sang-tao-phat-trien-tri-nao-cap-do-2.html?fhs_campaign=CATEGORY,https://cdn1.fahasa.com/media/wysiwyg/HONG_KD/Frame_ncc_2025/FrameNCC__inhTi.png
https://www.fahasa.com/to-mau-sang-tao-phat-trien-tri-nao-cap-do-1.html?fhs_campaign=CATEGORY,https://cdn1.fahasa.com/media/wysiwyg/HONG_KD/Frame_ncc_2025/FrameNCC__inhTi.png
https://www.fahasa.com/tu-dien-bang-hinh-song-ngu-anh-viet-the-gioi-dong-vat-tai-ban-2023.html?fhs_campaign=CATEGORY,https://cdn1.fahasa.com/skin/frontend/ma_vanese/fahasa/images/ring_loader.gif
https://www.fahasa.com/hieu-ung-chim-moi-tap-1-tai-ban-2023.html?fhs_campaign=CATEGORY,https://cdn1.fahasa.com/skin/frontend/ma_vanese/fahasa/images/ring_loader.gif
https://www.fahasa.com/luat-an-ninh-mang-hien-hanh-459392.html?fhs_campaign=CATEGORY,https://cdn1.fahasa.com/skin/frontend/ma_vanese/fahasa/images/ring_loader.gif
